0
1.57481932559901
1.80648392234573
1.73461524093626
1.95504129981634
1.99796752915107
2.38014457881892
2.74580527501258
2.08572945408547
1.85789076830219
1.67685184781229
1.89173038505311
1.97637203831326
2.00829758628427
1.97013662110811
2.02785748675764
2.04185898734085
2.17292390829614
2.08287170855174
2.09409895494245
2.02466500956289
1.94010903347774
2.02797212278425
1.93910736744461
2.06302697227595
2.03025033065733
2.36225277180838
2.55802996154292
2.3131222519061
2.19056977921997
2.27348184578395
2.16983790858817
2.28533813932128
2.30918205857381
2.38596326442972
2.46667534205056
2.58289259209568
2.62081373427102
2.8081857154872
2.86117891965054
2.98206503614947
3.09635752959274
3.24283992028994
3.28996226986416
3.33062723710073
3.42722926906189
3.57046269632199
3.4609326349388
3.69209010335717
3.78903981799586
3.91191871918633
3.83230000283789
3.75399239072034
3.89945370498809
3.84522433098661
3.48151175113492
3.22723289422067
3.21757703860689
3.31728526991237
3.36144822436511
3.48760593383433
3.49662271674123
3.73602149804458
3.59529717310391
3.72288542290221
3.76460621959169
3.89072860021948
3.83165629976439
3.67897452410132
3.70519886803867
3.61228000711331
3.82672781009238
3.65777533669264
3.56853113205127
3.61654009696632
3.72808428100558
3.7394407948088
3.58909988440039
3.50014463801483
3.42329819161035
3.41770750244902
3.43011200744242
3.37697039550597
3.52738594602973
3.43330075958373
3.30730961859954
3.34206615350429
3.41166867161376
3.35404307796941
3.46822340404934
3.60622403530267
3.59667073555197
3.62053936729534
3.66639352786031
3.61944499977887
3.66040767050699
3.71996227865692
3.79356358246382
3.92066804488597
3.88401307601203
3.88321717956964
3.83847489022593
3.84253557426406
3.81862216018986
3.8130444200863
3.94111174953264
3.7788717121927
3.77853905638839
3.72897512157021
3.77841929944275
3.68427560234952
3.68267875378715
3.66172636761439
3.69087356102488
3.66477057853916
3.60461446712756
3.61852073119277
3.69414378552338
3.74685896141402
3.80632326085582
3.87040956836169
3.91936846060963
3.93987538484578
3.96229198189679
3.95268174104007
4.07905633906972
4.01438552688781
4.05734014950924
4.10161786352345
4.04077020433197
4.05528145284724
4.07891421835509
4.08906656499182
4.02305511951563
4.01672995826015
4.10695354986874
4.10273196714127
4.11799368714554
4.21125078648293
4.24763205709385
4.18530215380794
4.12917024657412
4.1235611452515
4.10982911767118
4.08848226177451
4.20860085227247
4.26572068235215
4.22022125678768
4.26916742999372
4.26846970989081
4.32568937708795
4.34281852374785
4.38730169437111
4.42123080938279
4.44700477452357
4.46233924183239
4.4236951414761
4.45442522806164
4.4352370724703
4.44779657205869
4.42377891940417
4.43398169070421
4.52529695740714
4.46203316441139
4.42886894306687
4.33619282378626
4.34824187311228
4.33033959340877
4.34575232701923
4.36412577654207
4.36580895484722
4.36523555713168
4.36090314019441
4.36377745439938
4.35125922971721
4.36124267458034
4.33852034393348
4.38538884982974
4.33169666881867
4.27264866656995
4.33016894688792
4.29488653504833
4.38343356735578
4.42740108299257
4.56071176238372
4.62314621665377
4.74580353061555
4.81317470831514
4.80765918579583
4.84664932584575
4.95727030855359
4.95383216193803
4.81922939937924
4.76329450841765
4.7847068049828
4.7628017833686
4.77409940065784
4.83111922261925
4.82038116149565
4.76314595011156
4.74117757031909
4.71590558411922
4.72086859846931
4.73194930973669
4.73910803613778
4.73100457905217
4.77100697780752
4.74231755532315
4.72314446283966
4.73420342852302
4.78660789028358
4.82718960709952
4.8599255615125
4.93109417564228
4.87095301557464
4.91719605939069
4.98089506139343
4.94330067153937
4.94089113831534
4.95052643777168
4.97664314816083
5.01494145979277
5.0573389246646
5.04693653601643
5.05312857335289
5.07581018921108
5.05368384763719
5.10508529728488
5.21333883489853
5.27310565766458
5.26807239833507
5.2638409275861
5.32029821857243
5.32206388712816
5.24461678005917
5.31528366395937
5.349897745888
5.34823224463184
5.36395398812749
5.32646561516896
5.34520733006777
5.28069773044292
5.29933955684496
5.32041532179459
5.24654065059898
5.26369050715294
5.22832305415174
5.3217706003025
5.37121796176176
5.34031204472758
5.36246511699749
5.37293196974142
5.45158577681797
5.51688200303764
5.51802761545498
5.51604544366255
5.48495801891108
5.53575625592057
5.55041572002837
5.59658464689646
5.60857259491634
5.640253244511
5.54807723946977
5.61926788326565
5.57362152843734
5.57891903898798
5.56512708271948
5.52521278358705
5.5412358502923
5.58361559319715
5.47599930951139
5.448800588006
5.49841802686643
5.50858514279719
5.59409427812646
5.52742607575676
5.55359807454153
5.55703388730328
5.55635371608332
5.6137932476568
5.62991320703695
5.67140601500976
5.73835872449708
5.69715156931126
5.74221187685589
5.84311305378389
5.84812109465683
5.83163241379395
5.85060647450949
5.88903962356779
5.83133260010446
5.83166365310222
5.91629525595976
5.96659692155854
5.98259699045206
6.03911254655483
6.09670505653692
6.1434980888915
6.1526201826478
6.09307119056776
6.15937902770341
6.19723246649097
6.22977722163674
6.21349734989816
6.15173776612803
6.1791756833009
6.18846378114011
6.23946328714795
6.25251076998541
6.27773716364355
6.29541440469252
6.3024637751547
6.28787848181688
6.37693570806724
6.38668085565939
6.39586637961937
6.39271240947918
6.41012287599016
6.41266532143775
6.43585252743154
6.45901571179076
6.46060888965953
6.52113632427201
6.57478506838447
6.62468234473513
6.63219172047857
6.58310706169379
6.57166492894281
6.49041261631495
6.47177999267824
6.51624609061714
6.53941326573468
6.55412724999424
6.60403422534275
6.56982520231052
6.61263095027067
6.68016854661523
6.71337175876429
6.76232216469875
6.80151672974912
6.77870139994816
6.82475135244546
6.86339842971921
6.85306948902344
6.86201186732899
6.86727713764999
6.84337685908361
6.85612415919544
6.90573085547174
6.85891643999978
6.87958160220707
6.84507673061883
6.91518480138104
6.9343450308703
6.99710118532569
7.04134466033051
7.00674073262706
7.0272073486182
7.05054910992613
7.03324722845159
7.05982919681139
6.98224776418789
7.00331053351102
6.95960729118855
7.0379700451469
7.04582548801277
7.04088174959044
7.04300708692371
7.01910458087629
7.02937139406884
7.0009843825058
7.00546724305429
6.97532751537897
6.95744059434774
6.95308999468267
6.98551245977553
7.02393201447824
7.0453091944864
7.01165222965973
7.010016122745
6.99869657533246
7.01917010194433
6.94481899565746
6.95484969272692
6.93642863449961
6.92351324972032
6.98274444412093
7.00581309093417
6.98205063688148
7.00270997995423
7.04696585514212
7.0074386485593
7.09627513765632
7.02908910527244
7.0568110128111
7.05035256076506
7.07962057534834
7.07273875062752
7.05666569661037
7.05150270959245
6.99329621652754
6.99800234318847
7.03921853740422
7.06394327780521
7.08383268114446
7.06916522036177
7.12250886746236
7.16974643574402
7.18190715061544
7.26795189152485
7.31411381106713
7.27626446033024
7.26935323667083
7.27383422551651
7.25904845969325
7.28890406641276
7.28642336192507
7.31171041575534
7.35893685448065
7.38380189801917
7.38754347809344
7.44083017944828
7.42247281328092
7.39625071862995
7.36549737124277
7.40267479309876
7.38058052280653
7.40658022214966
7.42689220395089
7.51739672154272
7.53192008086591
7.54572870339918
7.54233712448349
7.52628727426392
7.5448732812531
7.49098170339331
7.48986948255417
7.50478757485505
7.56616381987496
7.607357824965
7.57052042485698
7.55316537014424
7.5408154255812
7.5205579730892
7.57883933199128
7.59675946645674
7.57845866486287
7.60560357711078
7.61496915814866
7.61477971225184
7.62392400968622
7.65390002301511
7.69133168200587
7.68364661221432
7.65213667692616
7.69155017477011
7.66435451892822
7.63071786222662
7.63557011023695
7.64264834483185
7.66319960513896
7.6045561992183
7.601748964519
7.66181243819031
7.66605888680723
7.65811699934983
7.63434917623814
7.60351607190891
7.55467569742879
7.55273706008586
7.52709598757635
7.52663389286608
7.54713906139
7.57307921502813
7.5429641631199
7.61973643847078
7.59834291929155
7.52940380153184
7.56500378806177
7.55241854609582
7.48763585318463
7.48499759228407
7.48383332231678
7.43956605010093
7.46396800423337
7.42009533724598
7.40285681760581
7.45722348688137
7.4709282854288
7.5021659356749
7.54859122330065
7.52576042675331
7.4973194145718
7.48333527864428
7.47711696534076
7.43715569605229
7.4289420334556
7.43254512546104
7.44585629961657
7.39376986136771
7.36514326770719
7.36682790898046
7.35385707514642
7.36024202160401
7.35741246708433
7.42579027367417
7.45442494925468
7.42846443197961
