0
1.60972094930557
3.51450680257317
3.92424626256854
3.83215277047281
3.09491586152842
3.26629007543834
4.01176307041738
3.11109978367863
2.76689713174549
2.70794240422705
3.00737219135824
3.53011662481633
4.28559080053249
4.51012762299389
4.55020850189331
4.57022146972533
4.70660633198278
4.66421916554377
4.47967510479183
4.52311057462026
4.38905336784083
4.58008525840529
4.31372805909107
4.6698704413107
4.29118812266168
4.25956463966438
4.34026004582595
4.52936083844604
4.53698111117137
4.79534412617839
4.66927124431421
4.76930548804142
4.86999199973766
4.87814536508875
5.37525246088704
5.33704725130276
5.28950091856797
5.3387904406258
5.34905965801047
5.19883212232596
4.98270937218826
4.96796815420267
4.67229730410546
4.75199344067848
4.71972496003891
4.8518860818823
4.75348206025167
4.90492785790269
4.98021560929758
5.05821515631954
4.9321638370877
5.1474206330116
5.21410113065383
5.25365140068991
5.18272011476042
5.49042880679258
5.33306065892462
5.44555418990529
5.70873983744609
5.80368932802635
5.70883417001249
5.6788885710508
5.90400077279477
6.19913756243692
6.27826657522675
6.27710121718034
6.54336419132716
6.41266591468399
6.40719653435593
6.392727537672
6.40462594681264
6.48623780286867
6.38852158074617
6.45160811046594
6.54244533383743
6.56197567219212
6.68012460194816
6.68251894934012
6.87524874951177
7.05860759371756
7.30639274165633
7.47990442695562
7.44353148215382
7.58152401988361
7.63043358057245
7.44165665409685
7.42422409070561
7.31458416459679
7.47696039368981
7.54503741159114
7.55913860112039
7.58171066085308
7.82853779126705
7.75510190556085
7.91286597960573
8.06793023849547
8.17315948955714
8.08225727583142
8.35743750330336
8.30469556546154
8.42965818908236
8.50581369124988
8.50013328637125
8.45023954840314
8.49237339296069
8.34286057082947
8.27283738572117
8.32881362341849
8.27110907843325
8.27898113288368
8.18237542633218
8.33162121780139
8.43280442988223
8.50172954618717
8.56237537318042
8.61087265679966
8.70052363017415
8.94564650613319
9.0175436824772
8.96511605960403
8.90557201329196
8.99595380570727
8.96213676570851
9.08012606534854
9.20343630351718
8.78571587016339
9.07368174630817
9.28038883613126
8.98123847407645
8.87773246358943
8.97163082326671
9.14343632425539
9.12022160817112
9.20801376972058
9.64601030207647
9.35902696670489
9.60570416145142
9.6426120786236
9.76667024115264
9.76653448598548
9.72671445829442
9.93335282400508
9.98473387563548
9.99933088403524
9.80499396462764
9.58126866684631
9.46285411992731
9.43764829326593
9.54936905841018
9.73840634052594
9.8459292348826
9.79028549539187
9.77650977288795
9.9821724175922
9.92155336254988
9.74289379523838
9.83714227928106
9.88075375597882
10.0619195174406
9.87890582094022
10.0999727654162
10.2056763626874
10.1748814422694
10.2063269028478
10.2758754418058
10.3895009858336
10.3867406427832
10.3120499414029
10.4503981617768
10.5271917036964
10.4596543276043
10.4929635385375
10.4954790560835
10.4539515706789
10.4165521686153
10.4728706174766
10.6754511920659
10.585547341409
10.5179266603929
10.5067261985208
10.4932814933643
10.6163828445484
10.7180282742962
10.8747521254299
10.7778245697023
10.6858839485014
10.6945129455509
10.8431497596377
10.9513533959555
10.9024853281501
10.9768448441955
11.0514744854788
11.1546077894554
11.1896063295954
11.2220418623973
11.3823272365451
11.353652399062
11.4098138194222
11.4539282525671
11.5301671099274
11.5723458988424
11.6459642918287
11.6342817344883
11.7609162313735
11.7949650047405
11.9422307238476
12.0532806805028
12.0634065061041
12.0781297791495
11.9533765364793
11.9345847734781
11.9104917934944
12.018899300138
12.0180469258402
11.8806151629442
11.8957714960654
11.837493032127
11.8106437684825
11.875270387377
11.8665985249324
11.8858604249947
11.7704924766797
11.9532607017615
11.9606667187116
11.9272608493849
11.9229989325917
11.8533723979888
11.8362011012151
11.8595908016686
11.7965146078001
11.8636475695578
11.9773160385287
12.0519358523305
12.0453199661575
12.1704064340053
12.2038159750562
12.2390604727543
12.2840242526975
12.31622103699
12.4597383440391
12.4383741094158
12.4502480545842
12.3704933003283
12.3927337383828
12.2820364945183
12.4659283570441
12.4761430169747
12.5965421402545
12.5917467717823
12.6199875367144
12.6286403254732
12.6681186644267
12.7343529229703
12.6563121087003
12.623767495279
12.4541874041591
12.4040880476472
12.4113291723883
12.5950696687368
12.5417894207633
12.4596961136843
12.4421845824931
12.7866457417296
12.7497517145226
12.8468722611497
12.8042346511048
12.8253539294706
12.9391543849048
12.9859276136333
13.0952200299184
13.0428896895734
13.1585656895318
13.2112046323234
13.440770051397
13.4493310895111
13.6449905417628
13.6612590673065
13.6759617064845
13.5230022091079
13.614824742403
13.5876351325724
13.6903823771526
13.7476461910083
13.7139839093242
13.8317720545993
13.8114360718246
13.8871799108119
13.9746998281117
14.0998363348941
13.9924724807582
13.9461177199789
13.9705391512975
14.1630281900347
14.241670793277
14.2374071728337
14.3623878902578
14.4897612784182
14.5975783981449
14.6087976332527
14.7948765534953
14.8609492998687
14.8339647054084
14.9483917289858
14.8981456647681
14.8719128685786
14.8549100215758
15.0177855029746
14.8725668881446
14.9714850793243
15.2140680358932
15.3575990531888
15.3768193591702
15.6200431870117
15.5953440779074
15.5242574825871
15.7243085578379
15.6630223367525
15.6562374028783
15.9644604390138
16.1847866036176
16.0507503162797
16.0357442957002
16.3646456915352
16.4151820778239
16.3448819915712
16.6404856455223
16.6230673536665
16.2476184477521
16.361009087043
16.321219139658
16.3503003641935
16.4576513964861
16.715219260811
16.4750580728654
16.45077884565
16.5660987754806
16.4880471362448
16.2966186022475
16.2403357714168
16.0160937961684
16.1674543324752
16.2485412531616
16.1588964470862
16.2598273047407
16.4420657062169
16.5694354048995
16.4203100010599
16.53191026189
16.3999182268732
16.4534741757251
16.4118130232254
16.3768446006513
16.4503797270085
16.5825471955442
16.6363147069798
16.6096166102334
16.7320148510929
16.9325989131963
16.7709614432031
16.8618733189753
16.9433505500397
16.9635359327818
16.8724091228565
17.2071216273863
17.296290817499
17.1729591684605
17.3798825586073
17.4596376714628
17.2633355729509
17.2748794519282
17.2926100383411
16.9766934225726
17.0119399752286
16.8700412153342
16.999887603668
17.2523136377615
17.2535224276711
17.3050089364211
17.2642657969404
17.311030580677
17.4042690502291
17.3413135029886
17.3520041578307
17.3675154295351
17.4118808753586
17.4648010618612
17.4792162607286
17.4994842570328
17.5005869216268
17.4990791029076
17.4121324301651
17.5304889063642
17.6397640814522
17.5665024640861
17.5214814900515
17.7268526811132
17.7732227081175
17.7998989545424
17.9396214905539
17.9528235094013
17.8889032283757
17.8678069084413
17.9209855868167
17.9899171743605
17.954246684941
17.9842198704133
17.9412367550571
18.0387631002593
18.0325090767457
18.0978701879844
18.0543134280939
18.0044553049675
17.9186461976218
17.8090034239261
17.8328035047081
17.8665720747832
17.922609933728
18.0467435198677
17.9644868033295
17.9865961268361
18.0110068681121
17.9636231216551
17.910125465147
17.9198423527723
17.9317321001581
17.9692409809806
17.9450854701084
17.9715432848346
18.1211148421537
18.1608314121445
18.1124645959805
18.1229519862602
18.0489435554489
18.040509622217
18.0730513744186
18.1295552889521
17.9718587821665
18.1861782828416
18.6854635319242
18.5367025000119
18.4142281663063
18.7573606347416
18.9650468249538
18.9154495781435
18.807693312061
18.7927971615976
18.8310940066953
18.8531849414752
18.8806779417813
18.9910525717986
18.9270619741582
18.9549292213485
19.0091639280652
19.2612088425501
19.2516721288061
19.3071996702346
19.1696537708797
19.0861132623622
18.9619648672498
18.6998879811902
19.1253149660173
18.805004939391
18.805640656848
18.4961939718246
18.729964087591
19.0323577815165
19.0044096879046
19.0167841988282
18.8508304107296
18.8228515612953
18.9555505528499
18.9800752949786
19.1924587695082
19.4236828323117
19.3522157599313
19.2083962055461
18.8538677805372
18.6406977841143
18.8807875456411
19.0665644017157
18.9194904049757
18.9579218576799
19.0732791541693
19.3047407976232
19.5035385687132
19.788315120757
19.6888396169716
19.9209967278207
19.9369846413057
19.8168163098317
19.7299369663378
19.5708723540854
19.7002104050197
19.656260832622
19.5957512931324
19.2767000415067
19.3891196666099
19.4981574086573
19.5299945314619
19.6096659532266
19.7652642376775
19.639690776901
20.0173331672578
19.745516006245
19.6582391605855
19.2783460266819
19.2689681384433
