0
2.70528065977138
3.15399951824229
3.51437933662098
3.13874068733635
2.83331081915565
2.97876047059856
3.31356499022238
2.96232370850975
3.35261531025126
3.3868744561734
3.11934321689925
3.67255127786982
3.91002694729729
3.73997724263374
3.59114967968043
3.76010856063839
3.89581978477164
4.17413610622392
4.48450490100676
4.14695922289888
4.02031900890926
4.05382058747317
3.96763494382185
3.68385735401296
3.98883391195954
4.09064261675264
4.30807028873502
4.15268706746465
4.26376639635277
4.26221669165374
4.11065181287719
4.28033253661208
4.13980835291103
4.35504758404396
4.56887044055789
4.59780385541884
4.51558304713586
4.6118790305494
4.66854299925788
4.56371052531071
4.44191244548033
4.3364419339756
4.70045175579292
4.89276825220667
4.86345888473642
4.85662546629341
4.83375425911938
4.83216464793029
4.88462056066497
5.16351199600126
5.22911806535141
5.19417369049381
5.22728444445764
5.34484091678449
5.54367869121389
5.60642345143162
5.41852317631572
5.28453415250157
5.25275136445348
5.07766557566401
5.23933689065819
5.33943539633336
5.26382519935523
5.71581261962075
5.5446670032382
5.62650873565697
5.68397756395124
5.53834192761808
5.51463555755322
5.3396147493892
5.43281988067829
5.62925216436998
5.88631322926142
5.66278848760751
5.75818048051893
5.97037257088505
6.13319958845593
6.19019418140114
6.23012573306606
6.24755392546334
6.24096521905625
6.15538469899474
6.25807304813946
6.09567691145574
6.26323984402597
6.30484396423821
6.02033033026424
5.97337842016124
5.8407061888861
5.67982756906736
5.7446615197453
5.59805984474652
5.53307572422021
5.40894959158288
5.54685541680496
5.68420900027731
5.7830866786481
5.85709109415486
5.85704657544257
5.86868770261161
5.98276870850966
6.04129948154635
5.98687750008809
5.93916463570459
5.92588242621992
6.02991216764409
5.98739301516171
5.87643723322018
5.86555584273564
5.81938229246243
5.93047939435874
6.0351214433365
6.14235190919651
6.27254281799925
6.35694733231009
6.35281558233221
6.38682091653067
6.38679886915717
6.33391280126499
6.41549044024116
6.52176822067977
6.47235072828077
6.45622064051055
6.57557601743143
6.56139133086992
6.50136886828626
6.60361286180266
6.55118616884602
6.57291329585689
6.57356370879548
6.71473837657821
6.72374295072659
6.69383249076267
6.86485578378424
6.81187259935038
6.65783213967034
6.75353474111056
6.67377935740746
6.66463374226096
6.87097245647718
6.79379271178097
6.76682176531121
6.80632147818695
6.86499651143172
6.77560585992785
6.91689310216908
6.83872938349635
6.97776040304396
7.00675423795751
7.0456932637987
6.94504004391165
7.00850919184918
7.03939746637956
7.02591072896944
7.17236529215294
7.12994943288475
7.12832965289866
7.12340925120543
7.16375948733454
7.24456179606096
7.25698762084792
7.1197359575726
7.24029725449402
7.25353831248267
7.29705816622894
7.20295072556708
7.04401321923804
7.09961775756818
7.19988817908111
7.28827428034824
7.15549976214442
7.15245690640253
7.06866638014091
7.10757266201242
7.25638035099971
7.27173242826786
7.33268097210277
7.33669955440137
7.39146912713473
7.5924285072675
7.48977241284649
7.52814451834372
7.50318965745893
7.46911232926554
7.60557534639309
7.67279133015555
7.7126711412925
7.75823646796642
7.7417479549314
7.82176825725454
7.88240723079279
7.9119192959999
7.93104164200761
7.9325480763107
7.87192060955609
7.93833135136052
7.8941133094228
7.80513696169697
7.61620219155392
7.66535403534383
7.44693559770104
7.42117693012785
7.45476082972282
7.47125361631038
7.43231122181832
7.49244333510486
7.47098098681038
7.48970386366908
7.54493863346746
7.60996688570426
7.59502550741763
7.65790809543879
7.62988259489854
7.77533871624645
7.58303238884513
7.54818639073654
7.5799399508409
7.66134384210305
7.63156180552164
7.8196956890886
7.91799311721342
7.91252639145206
7.93205386079985
7.97114305452552
7.93700325658299
7.85999774529474
7.91957100503702
7.88456659137543
7.89079217207051
7.9985683435142
8.09477101740008
8.0060398216719
8.05341330493783
7.89487291150226
7.85708422874878
7.87695690881188
7.86141483071301
7.86341974790824
7.88576204552713
7.8482096403444
7.90146025344488
7.9544668024017
8.02398465758984
8.12815237226606
8.1245983497324
8.0710587608681
8.15889632299094
8.09919554810304
8.13122912915658
8.1326897582538
8.14429636932777
8.11088014907877
7.98006224147208
8.02423503373791
8.11001043762932
8.21059835497618
8.23736287196001
8.19083377799058
8.23092866722115
8.25268436836354
8.35523017889069
8.38274001996766
8.25104723820234
8.22530444478849
8.21931331537351
8.25295912242801
8.1969229462642
8.25900382898719
8.23057646019418
8.22237854722749
8.27145505144328
8.22968820042685
8.17390864495129
8.14895859544605
8.10710728730047
8.01113873640139
8.08685102703056
8.08470141065501
8.15408346839307
8.15684138618532
8.20617138139279
8.12456025587692
8.05118159878426
8.11637612746529
8.13315939383714
8.05822437241569
8.06955517585188
8.00921828643955
7.97475463278979
8.00497156558547
8.00053120222616
8.02244519630166
7.94057903635093
7.84909940825572
7.84495489855123
7.86131374469656
7.81074595871592
7.81879018412094
8.01295684232912
8.04467768919297
8.08285220942986
8.00869521968905
7.97321236529676
8.0236017369411
8.04499811742461
8.11912700823566
8.17835130830921
8.24911064404335
8.28093625151239
8.26338292292943
8.32365019392224
8.41365549332557
8.43998245777254
8.42234683223554
8.36504850101405
8.40720583631055
8.38199850233503
8.4957599264492
8.46914462866154
8.44195699844128
8.49988262917443
8.4799150438088
8.51877448580099
8.52610036176216
8.5661472639922
8.6150591963528
8.53193368300634
8.48527697622321
8.50285455490258
8.48575355677283
8.48541873967957
8.54827918004691
8.73489705684437
8.73373602353059
8.7429402102112
8.7931801957303
8.77595928563207
8.84570913450088
8.87937272507799
8.98262265846679
9.01820349730795
9.08970342583462
9.33597829231526
9.29714293903657
9.20866334475508
9.08714811017452
9.28729570920946
9.27291083875055
9.2518836367175
9.2828062315
9.47759483547076
9.61597642459348
9.64810996828342
9.6552906209485
9.81665917497613
9.74008627495598
9.50570120143043
9.24807145970519
9.54427955671503
9.45305684343639
9.37171013808157
9.40727387209034
9.49079016852695
9.18838662969748
9.37420742338132
9.68141202509556
9.65076348642144
9.61105709758606
9.73941102831902
9.68061638080904
9.8417455109026
10.1540328442465
10.1244398329405
10.3757109634568
10.523145403039
10.3342344036873
10.4991135912853
10.5250883300294
10.5868842073759
10.4651261423479
10.4212088107227
10.5626892699111
10.5465351514624
10.5828731422514
10.6059811378826
10.5963077863851
10.500449840967
10.6190827200601
10.6395976014549
10.6705399613828
10.7396241545977
10.7814085921945
10.7722451058421
10.9236050075805
10.9630746286726
10.9677293229771
10.8838725624941
10.8861985497786
10.8241217714916
10.9275773639007
10.964863024535
10.9923733629241
11.0653521831397
11.059287397507
11.0928324102884
11.1561942746752
11.1773276073207
11.1014948817579
11.04608754699
11.1177219813101
11.3134082451681
11.3436531679583
11.4410172824204
11.554276302771
11.6029018581921
11.607987756296
11.6071938454417
11.5527352173104
11.6702288077187
11.6486765257767
11.6633218442496
11.7271228472904
11.7521350992247
11.7970300306649
11.7968021872347
11.8958163860586
11.9127073079261
11.8823170708544
11.8714216692302
11.865142412176
11.8984408239688
12.0009172297067
12.0432409117551
12.0465494250409
12.203434520657
12.1638675644673
12.1924530072055
11.9627816153511
11.9825066435869
12.0178859405373
12.0811828333642
12.0294916493626
12.0347318005486
12.044346539966
12.0692840377008
12.1582880153001
12.1459539966907
12.1877580968094
12.2353960398294
12.3009426363649
12.4572198309022
12.4284167296064
12.5102257858652
12.5606931245847
12.5350761903212
12.5532851539083
12.5805797023788
12.6404824767073
12.6278084413
12.7043553292321
12.6678969827043
12.7692353595335
12.8652948081364
12.8693356338252
12.871067927641
12.878469071676
12.8959823709431
12.943948610787
12.9616498906027
12.9284248075221
13.0692864191314
13.121612911609
13.0692883272151
12.8715620209301
12.8816651414607
12.9595861913699
13.030018237877
13.055620642745
12.9420464843953
12.9131627229504
13.0053010625921
13.0543020883504
13.04384818337
13.0474292098327
13.0651225381821
12.9960965798752
13.0939957926066
13.0617691508596
13.0833192573936
13.1056737720012
13.0699442392026
13.114206777705
13.0929774049528
13.1422474301111
13.1583337410218
13.2386169698494
13.0932920302546
13.0806143631048
13.1049844710687
13.0942775301999
13.1323530359978
13.1657841604703
13.0688638377016
13.2495590983321
13.31125477933
13.3562417274783
13.3591103001183
