0
1.77010108334842
3.64098460998447
3.704991993145
3.78106515382596
3.14962715290667
3.39724622592008
4.11913601362993
3.09946792535104
2.64296665967343
2.87485499153911
3.1773528161171
3.67886904702169
4.43827528921819
4.72544825182604
4.74195680147726
4.69057490265627
4.8462488146652
4.80998440059218
4.574920108963
4.6665830385056
4.53310633567047
4.74666231605767
4.48958310120337
4.85204861427114
4.44613680824589
4.3265295672543
4.41134014149899
4.58497239132414
4.58587284295815
4.82524365753217
4.72120036143097
4.79824848659922
4.96001861440526
4.96305516173899
5.47670623553979
5.40166485455307
5.36407405785967
5.40578283307992
5.397729041772
5.24227331209896
4.99961151278548
5.01734617782251
4.65700080257324
4.80873739099125
4.71834172055026
4.6997434857902
4.63423020444958
4.75434530001525
4.80614618956837
4.88223633619894
4.73747597631577
4.97874068441663
5.04110710617191
5.00465650061408
4.76111975650795
4.68060588364097
4.93828518489551
4.96854685312594
5.21779591277723
5.12278557847746
4.98163314952032
5.09667398307095
5.16708834204792
5.16956750749064
5.27659782375431
5.13512409387498
5.00173612461733
5.13618516679655
5.33651747089931
5.50562982207211
5.87394528551161
5.91813038347756
6.14210572817661
6.0597066366511
5.82833990077742
5.83692987791448
6.00850690940926
6.20492458071788
6.15563486371482
6.11112093570411
5.96460711671436
6.09428354473139
6.18540328095579
6.15159971039038
6.1533956643171
5.92651570790344
5.80100249107717
5.88900019395414
5.68691878504756
5.67625949565973
5.84532532161143
5.91975264373185
6.03379537987542
5.96743757706362
6.07506476982607
6.22720589327702
6.36830489355065
6.26559388164345
6.51687998713301
6.48675365273664
6.59739601881053
6.66482933079085
6.61717971373989
6.58343143802784
6.59108354667751
6.45278124352979
6.47051553480315
6.38456919662788
6.33277728948798
6.25426863114912
6.34702821479344
6.3687863237478
6.3506241538473
6.49773535133318
6.47127407516536
6.6753115032724
6.57764168335868
6.64831438102258
6.68701643478683
6.60736427186697
6.55816205491437
6.64906882328275
6.61784638573691
6.74185712724588
6.86821199206971
6.53695031008948
6.6750480342788
6.87855399727489
6.55430881502382
6.41791102169637
6.3965092148559
6.48649092912015
6.49342134080826
6.51479214084439
6.95197923756138
6.71911050157526
6.92997154060578
6.98248294874421
7.10343022796431
7.04529655100976
7.03598491118882
7.24697068054546
7.28674003443493
7.29519275309805
7.12113086671582
7.08114447768458
7.0886278152422
7.20536246024127
7.2191229961275
7.22191166160342
7.17657504752956
7.19620519433658
7.32734410460168
7.22887656156326
7.31975275516581
7.10190340492875
7.0602667561313
7.17112186936686
7.22482093153186
7.10870474897395
7.23483551677384
7.37249746353127
7.31096093023111
7.34049820536298
7.40377859394663
7.54239182014545
7.59002833356688
7.49753970393419
7.59986681933717
7.64735450684224
7.62244070149331
7.65705399132786
7.68550544191367
7.63339663786818
7.54879825568897
7.6557336829402
7.85005286295983
7.75437135493926
7.69774737716941
7.88613520873855
7.81138196139527
7.86041338434328
7.93112739854954
8.06021834518518
7.95124477808145
7.8951426628917
7.92537602058826
8.09790221021834
8.17597673286299
8.20830953990543
8.18130829292101
8.32010317363367
8.32662435128567
8.33650457602808
8.3748569108344
8.5218949209847
8.48653352353703
8.52308695015055
8.56235872146233
8.61874796189624
8.65295653972276
8.6824082557634
8.68182887628031
8.76962465602154
8.79598570651559
8.95141507864989
9.03411181336353
9.04476431546231
9.06836508378974
8.92641730113249
8.93799080920231
8.8836362136565
9.00769050576138
9.03176967837405
8.86921561415113
8.86931190184025
8.79775436734618
8.79322486476706
8.84994427277364
8.84537397282861
8.84545212787577
8.7229375380778
8.90983307130693
8.88694491246607
8.86124854200436
8.83203262763553
8.77210843529793
8.71683189282453
8.69787113123129
8.6430372271964
8.73068988038585
8.8313231083094
8.93893621577045
8.89557291579195
9.01040220557784
9.0320911897362
9.03626057196832
9.13031412693915
9.15384400902608
9.2978629552397
9.27686339258841
9.29959657956849
9.23319444531863
9.26916054120675
9.1636781535631
9.34188419561446
9.35878785871962
9.47034144777536
9.43600171560473
9.47455470160516
9.43970848672104
9.5048183815418
9.56943192805091
9.48916973166541
9.47798198785874
9.30512851411021
9.24208388366435
9.23309444185887
9.39739885392211
9.3244083835671
9.22361827471129
9.28275114179121
9.54972388118122
9.48134870444115
9.59711428761641
9.54385592188162
9.5574631819584
9.70807210150199
9.74941378162385
9.89816622779754
9.83485120688916
9.96083629849929
10.0349801215724
10.2523051334397
10.260933606417
10.4296992461707
10.4173327190927
10.4021061955635
10.2670529105332
10.3499158512062
10.2884445870595
10.4109823151696
10.4496782871452
10.4094046061701
10.522880886018
10.4999369209593
10.564923755075
10.6499626635682
10.7613502649367
10.6241744043416
10.5798952653109
10.5895287003513
10.7976526220576
10.9109356083203
10.9208003705232
11.0502680068101
11.165909134708
11.2405952764754
11.1986334930074
11.3627761702137
11.4125185183583
11.4067517967679
11.5314146627538
11.4734899029404
11.4394090601534
11.3998167118707
11.5367544402701
11.3726858181724
11.4584430245914
11.7002754365375
11.8219435111104
11.8156893709901
12.0378381128506
12.0195753166215
11.9678868161047
12.1509179369726
12.0985702505143
12.0571746846476
12.3655490061819
12.5901964743334
12.4503489092517
12.4333020296789
12.7349894892156
12.7810778420988
12.7129364279351
12.9966307665232
13.0108267915423
12.6680617171712
12.7759480829655
12.7446975823106
12.777304453135
12.8690914054386
13.0684189116515
12.8408070232541
12.8068403217444
12.8998944582423
12.8274078506024
12.6172077328111
12.5510469779689
12.3481530673753
12.4896167659729
12.5572060662805
12.4848685778296
12.5918995810622
12.7367946794527
12.854759385892
12.6761773005123
12.7818706777502
12.6667828405984
12.7400227605623
12.7511383532935
12.7043154628913
12.7746976546854
12.880780230484
12.9332084679212
12.90218355898
12.9989112716306
13.1935998684
13.0222466137362
13.1172226998004
13.1716310545438
13.1914047600487
13.1009173821431
13.3844039215769
13.4581340298544
13.3173417401867
13.504705359105
13.5721358368032
13.3688421487296
13.3564310809021
13.3680572467517
13.062694410114
13.0822215489476
12.9321232657754
13.0435273539588
13.3078156394927
13.3279117325184
13.3924020403197
13.351904334291
13.4002379283055
13.519403163211
13.4624237185607
13.4500154740259
13.4527947249524
13.477815791688
13.499483129088
13.5013648941235
13.5210004545958
13.5136506657966
13.5074066734267
13.4012506331953
13.5207161255818
13.6228797048304
13.5307170269326
13.4674511752679
13.6649459354408
13.7185974804532
13.7283665075179
13.850154363363
13.8565279312809
13.7811969207063
13.740749896724
13.7773196355537
13.8895292590267
13.8676144823611
13.9176658481223
13.8584506956651
13.9608913945005
13.9287947574499
13.9913083561418
13.9536688935408
13.9000928744381
13.778138697227
13.6586284724862
13.6967928624496
13.7385613937671
13.7815823152936
13.9115896084123
13.8201106968064
13.811463781873
13.832629762126
13.8175067988082
13.7939400566126
13.8077660219267
13.8074012742166
13.8410327316091
13.8239246878728
13.8498032939395
13.9791703506844
14.0417564068215
13.9807746792704
13.9975056534282
13.9506894586229
13.9356539262352
13.9662135129247
14.0220297526902
13.8461972023314
14.0411778926472
14.503826967382
14.3762699135952
14.2690042121312
14.5904412803101
14.8087228580052
14.764579025247
14.6395008527265
14.6333923671703
14.6821983351204
14.7324466180818
14.7589132675826
14.8666984184999
14.8093454426846
14.8418960788073
14.9104270250907
15.1537141316264
15.1414188328492
15.200520909459
15.0490269522051
14.9535092378548
14.8468211689298
14.5917461476797
15.0291122738173
14.6567720804322
14.6842427294192
14.3586571843461
14.5923754732907
14.8918777590797
14.8487338150449
14.8584792247343
14.7031865606645
14.6851084013188
14.8319300575343
14.8618739799956
15.0566162586155
15.2961618161694
15.241075456787
15.0689248892412
14.6854215634979
14.4794837358054
14.6883523973833
14.869557606717
14.7268335221035
14.7671812965922
14.8843524199367
15.1034684300166
15.2966275559211
15.6045786706039
15.5337068475394
15.7819503772389
15.7915911952114
15.6815402679517
15.5893931518439
15.4122962879678
15.544735509835
15.4978554351467
15.4349946142049
15.0834417581893
15.2165168022002
15.3321655785082
15.3479102872054
15.4200703798856
15.5692442148286
15.435096510585
15.8197645576473
15.5253356601359
15.4294542900633
15.0386882466867
15.0344023664958
