0
3.90391325893006
3.29637509449837
3.75764848174273
3.03944768837074
2.90386303243369
2.76809132711094
2.80185045648132
2.79220803171427
3.02226833551039
3.38440821608444
3.3216614765019
3.68365880810517
3.52181525473589
3.69984548474626
3.80333042983046
4.22936553925359
4.47436791079368
4.60379548011481
4.59276152751997
4.73694202611419
4.68481635333914
5.06843636748453
5.12484159070179
4.99510045927429
5.02446944480053
5.44161688387027
5.44320615358044
5.23996751417979
5.11398365095172
5.26373722891861
5.49636288050624
5.48457800173561
5.6014661752773
5.74067438036703
5.67759588422326
6.0505153449638
5.99631338520178
5.90746459839291
6.15604493481693
6.33115575384198
6.30820188825034
6.56696463244858
6.63543533171788
6.60722451134091
6.52920620153699
6.74426246875677
6.72215367884265
6.86510158170036
6.9205037630009
7.38705393533808
7.31889131810085
7.48701100168071
7.35504362568688
7.51581764761863
7.77551321959921
8.00588028971588
7.85405798029097
7.88283694570118
8.00063867096285
8.08766416679632
7.98870621443515
8.17668016322332
8.14019402042068
8.21807395566212
8.42239704378702
8.82858719857771
8.95526689259376
9.08769255855324
9.12078966104819
9.10284434789806
9.24446635572366
8.9595605684379
9.26193304748661
9.05116377904381
8.85464468275493
8.90589221710023
9.29323122123798
9.05864580769784
9.13479405486551
8.93880503123138
8.86385526490638
9.07261969223634
9.18522119206096
9.35232135247279
9.38552045632994
9.49407248955873
9.57217944199994
9.52397763546583
9.55573110986342
9.62320673118934
9.65255614831296
9.81097126953206
9.74138573385981
9.90657851323343
10.1018780121316
10.0940492653835
10.2804005282654
10.1799789222244
10.1068446994824
10.1517475604661
10.2579902062697
10.5803576668129
10.5756411873995
10.6249980824725
10.6121537843835
10.7255961094951
10.7837986712895
10.8545022845527
10.804836184824
10.8535992774934
10.9596975874323
10.919622236433
10.9264969930607
10.9545387409292
10.8110326543304
10.9206238648754
11.0528299899972
11.0902815395643
11.3084783899223
11.5933542833748
11.7403654444676
11.8198422195523
11.8934275083314
11.9026878330318
12.0102637843146
11.9533130552486
12.1137403481331
12.1791634279555
12.2447436717997
12.4375923373542
12.4863939415623
12.6034571552597
12.7627344376685
12.751709918063
12.6670668993681
12.6237995654601
12.5136425907261
12.6410919094205
12.6630434968102
12.8294959016508
13.1599280020743
13.0883618735766
13.1780278638168
13.2797245879368
13.2339351369974
13.6108494434957
13.4811930835408
13.6100472051018
13.7186220463069
13.7547271925288
13.5090908284232
13.4726228741396
13.545130590163
13.5784149515057
13.6210422165037
13.7363366798111
13.7312470074981
13.7509351676413
13.8471394552613
13.9470362345752
13.9013674082914
13.8786116053447
13.9148139073387
13.9809496289517
14.108445120561
14.0801946795877
14.286339693747
14.3374321509915
14.3155943764459
14.3571748294762
14.4131747402676
14.5150057867402
14.7521539123371
14.7704810314536
14.7366963537466
14.7870382115345
14.7639086028412
14.7517510780804
14.6969873918704
14.8264768641743
14.8672449060504
14.7950668886539
14.8618557608337
14.9755357593931
14.985150205036
15.1074323302663
15.1258426849576
15.2042174818078
15.2276143403787
15.3713203591684
15.4554228575558
15.5958234210135
15.6360328668258
15.5778070233545
15.6919458308634
15.7734035148952
15.8327026528572
15.8589667708892
15.8971228320814
15.8325862460713
15.8711267700862
15.8789006664244
15.9315799453213
15.9397933586769
16.0454323167772
16.1784622961916
16.181361513723
16.2378459106138
16.3592853623115
16.3599760932291
16.3869224966638
16.425041455951
16.5131773838869
16.7594230316231
16.8117764385069
16.8258136450618
16.7733053114766
16.9408643370622
16.9776784419812
17.0010456069089
17.1456600925447
17.160545637528
17.194350186031
17.0731939701589
17.1264624536747
17.1794538590155
17.1029188538231
17.2313907466243
17.2055190920509
17.1778491594949
17.3143178608813
17.4033676054915
17.4875261157367
17.590586672975
17.672732018646
17.7139341125685
17.8165930906236
17.924869769936
18.0270292883053
18.0863463370715
18.0172672487723
18.1845772786755
18.3362440117292
18.4346382227739
18.5026971780812
18.5404048189301
18.5791685216237
18.5720651821909
18.6280405287529
18.7305511142158
18.8665478261911
18.9172770204328
18.890896467584
18.9388468174263
18.9339966271077
18.9493951087655
19.0246743619037
19.0655757107017
18.9986997610726
18.9726002754896
19.0253142126915
18.9364303099047
18.8483375011873
18.9115081512809
18.9560330760262
18.9584140596388
18.9469502591594
18.8875982637197
18.9047605432127
18.9523528789017
19.0054111896552
19.1110149537294
19.2571137877354
19.3675034042361
19.3837295841846
19.3893635519094
19.4654654544678
19.5467646147248
19.6404807573078
19.6127964043697
19.6187472975656
19.7659586199102
19.7898409444396
19.8025929204067
19.8927122887726
20.0088836980637
20.0675853848063
20.1243651824396
20.1621542579625
20.1930442581738
20.1648960987014
20.2085830396461
20.233430965878
20.2269957962932
20.2605301258399
20.300508977365
20.3027819875612
20.3300802825077
20.2741391018384
20.3522539040138
20.4840270967777
20.624492489987
20.6150793349284
20.6988729287904
20.7888366140201
20.8530779293488
20.8901073524628
20.8887239269617
20.8564363441799
20.8537101376269
20.8860020211759
20.9228237094649
20.8978621423288
21.0367993019606
21.0568799160937
21.0186531274367
21.075820078295
21.0679238149435
21.1029046868903
21.1252144255688
21.0558540324497
21.1426250404933
21.2094604803824
21.2665082297538
21.3141381844617
21.3720619515152
21.4103805252157
21.5387798453973
21.5047116024407
21.5047511069773
21.5963293040027
21.6123009914507
21.6716456340816
21.7432099574709
21.7198148150992
21.7648535838376
21.8404683448
21.7673994525653
21.7456417198799
21.7829558673483
21.6906860285402
21.8517541337614
21.8955579434419
21.9199360740863
21.9921801652732
22.011812548967
22.1031195667171
22.1460190054797
22.1721274035033
22.1486674498781
22.2736203233105
22.3431921200964
22.4047926512827
22.3860956474156
22.3874918209156
22.3189766813076
22.2993434933107
22.3279782330885
22.392750535812
22.439594319459
22.5333417235536
22.5572431125884
22.6267226390329
22.6684361025674
22.726103777125
22.7754825440826
22.824081625466
22.8263201329331
22.857213978833
22.8465599620542
22.9053207816844
22.9661072118074
22.8961936042452
22.9573183208499
22.8991714544955
22.9213698505025
23.0505751092738
22.9847434705699
23.0099197496092
23.0840134022434
23.0597429439299
23.2209698311779
23.2241837010817
23.1198327051272
23.1049920767243
23.2517514719834
23.2042136782738
23.0980193374983
23.0824876485824
23.1344942546715
23.2194040842959
23.1769277329452
23.1727800272931
23.0579758709873
23.0662143984867
23.0607507702859
23.1350920102417
23.1724537143293
23.1825853727588
23.2487732810074
23.3131592421462
23.3462680151266
23.3937883054626
23.4327149398319
23.4190481269596
23.550234672401
23.5725624413488
23.5940862906836
23.5770265988477
23.5705019348833
23.5826384786775
23.5156196155254
23.4839592731237
23.5240742929323
23.5827921281379
23.5741364002359
23.6341527519718
23.6297720942104
23.6285691004192
23.7101463880955
23.7890550888464
23.7399296565609
23.8209915965999
23.815477700564
23.8407720942552
23.9285713444798
23.8593998279711
23.8641839745385
23.8660931062923
23.9330260529685
23.9837167119952
24.0652925888096
24.0245148689452
24.0731185533336
24.0953286609661
24.199151857788
24.2657529270296
24.2622416908526
24.2371821223186
24.2099574108795
24.2236916095031
24.1989997647279
24.2846639701861
24.3034513880093
24.3238177328323
24.3802125223869
24.3051913393243
24.4457490289948
24.4846411408091
24.5401839025603
24.7320142728676
24.7906621976201
24.8178421489638
24.7560245741464
24.8902568442443
24.9317964089236
24.9694517493435
25.0776405580189
25.1302690871699
25.1761976071944
25.2126752762585
25.2828795039741
25.2356787897326
25.228377790561
25.2416884615293
25.3946738731327
25.3652293256814
25.4195419267479
25.3863404744663
25.4714045713399
25.6056555766908
25.6897767965303
25.6896014060613
25.7676253603936
25.7852982479792
25.8728043735161
25.8618870832816
25.9515159918256
26.1163369499436
26.1234612070098
26.2342813991069
26.3139757149385
26.3481815352275
26.4243132954621
26.4325840839127
26.4878493219059
26.5673395635777
26.5836507093479
26.6499428233389
26.6663405516849
26.6941032352253
26.7290290773651
26.7737087094024
26.812749772554
26.8436756350166
26.8594070484898
26.9162888692646
26.9822137351927
27.0435708910568
27.0574166657718
27.0613850271351
27.1133220914331
27.1062553472831
27.1663755439615
27.1344392821996
27.0621741658258
27.0591224170242
