0
2.50073505096655
1.90461387578498
1.9501706067478
2.71212270979004
2.91998197112355
2.61914845272406
3.02346748722256
3.42285345867715
3.97056510941394
3.08096467305739
3.1097595718332
3.41780609647921
3.68773436011633
4.18688057123811
4.38164314799719
5.03656815985257
5.2402581862539
5.35293509146751
5.06005654932115
5.38189897827005
5.63790698308283
6.01656528623853
6.02917541377026
5.84138231314884
5.7680013752236
6.37829577836017
6.33586706463558
6.31673607484557
6.30338854798423
6.43374890086949
6.52851235911997
6.53095887972069
6.88425550259817
7.10666314249691
6.992855152594
7.33927784369711
7.50024482650644
7.45913922546714
7.6813486435063
8.1147168403073
7.98617996731179
8.15433178382059
8.22116289932328
8.22232778601942
8.15572524430336
8.5426212729735
8.50849001373771
8.74617209027482
8.88207663058418
9.45465429177148
9.48001753115984
9.76012316485969
9.55302534910946
9.58370567710975
10.0067056221421
10.3196322746241
9.83232980243878
9.74855041249519
10.0454625065149
10.3255598919094
10.2353732163942
10.5250197548516
10.5427139039697
10.7632893317452
11.0843230474694
11.3483439531079
11.6667094268904
11.7632482473765
11.748461231892
11.6279349581345
11.5351032856168
11.3571534470105
11.4579813870531
11.40453675794
11.2272427939017
11.153801969112
11.4066417578262
11.494728811338
11.6409696296177
11.7560593679258
11.7105467138017
11.7993759441526
12.109085692711
12.273899242513
12.3468723457803
12.5652689487658
12.5244092328095
12.496544481728
12.523775478246
12.5021807269489
12.4472001224171
12.5122547857451
12.6318806051373
12.5385885622734
12.7247046353659
12.7969978895236
13.1513842430989
13.0198912412632
13.2540401076696
13.3639258036122
13.3437366503491
13.2551380219562
13.4793603232567
13.2936302842915
13.4522702519427
13.5500390345906
13.6105708861718
13.764524284589
13.9998233902903
14.2949740479342
14.3824060711414
14.593020718136
14.4315459385885
14.5294060673413
14.6673248979486
14.8161778075406
15.000908857969
14.9962472810126
15.3337973705376
15.5462609613663
15.4529063418163
15.3593439125185
15.4586707761779
15.6544404544212
15.7445588785553
15.9812998555771
16.1426317234286
16.0972543411544
16.1481955074251
16.1771135416698
16.3738671309807
16.3315065638391
16.4074991266469
16.4108353776996
16.408285232189
16.4263552339016
16.3287085029426
16.4088865009016
16.6798016955852
16.8110731646266
16.9262702734495
16.8810005266282
17.0197228888357
17.1495087206236
17.2281072497103
17.5063731407287
17.506882426501
17.8592470476381
17.9257514078417
18.0959464226547
18.001537926226
18.0431136105478
18.0589669516624
18.0684427174367
18.0802412228224
18.3479579155095
18.3212849988433
18.2129825669146
18.4389755930486
18.5147798830073
18.4452355012343
18.4419067865004
18.4010060225518
18.4283026078195
18.5418694517099
18.5174969542612
18.7468459890207
18.865663093743
18.8657028241925
18.944252446199
18.9897149056311
19.0929093503886
19.3250368394336
19.3516282664848
19.3099327247909
19.369859294019
19.3456742076885
19.3963675511903
19.3110169725412
19.3658216812981
19.3558605808895
19.3253934807168
19.3095268033872
19.4123428140854
19.4976005414359
19.457329153662
19.5611788376066
19.5845194837372
19.5281717372118
19.754364114036
19.8161358913928
19.9865206896411
20.0430843033341
19.9080175901675
19.8659099262615
19.828788270222
19.836950207407
19.9171152295919
19.9309145074682
19.898769774879
19.8768524085506
19.9631288584107
20.0613109116801
20.0444284962627
20.1879055820355
20.2253466135325
20.1301350693406
20.0806565071214
20.246629005116
20.1925107284865
20.2398413303705
20.418790536635
20.5505158827154
20.8251621983939
20.9040331926287
20.9409389919748
20.8030709715833
20.937422861617
20.9346960703708
20.9578242931154
21.0889066769561
21.162665167596
21.1614931306424
21.094192387276
21.2129663700979
21.2886845264378
21.2546367369258
21.4126846687461
21.4543345906018
21.4222891635082
21.5500583267646
21.5999206282805
21.6013151924163
21.6263716943637
21.7418945079436
21.8215843790578
22.0044698459425
22.166380353775
22.2731667446896
22.3732346875472
22.3492650179238
22.4502104749501
22.5748012920737
22.7635122947536
22.8589487296853
22.925567785873
22.8891065036848
23.0173049726833
23.0600311386742
23.1185678464218
23.2651873327775
23.2602189991253
23.2769057678817
23.3333482056224
23.3874550546698
23.4324334236979
23.5993316575137
23.6828425230441
23.6249425951739
23.5706655395196
23.5203681459619
23.4745833997687
23.3522111312071
23.5148677829034
23.5392711699239
23.4980607335861
23.4939476477374
23.4405110782981
23.5611264870253
23.5151677130613
23.6056234572222
23.7241240560724
23.7953226901118
23.9457732349837
23.8886604747042
23.7853772079173
23.9723339237625
24.0102080130075
24.2326157451793
24.3649107628309
24.3433843522903
24.4755712165225
24.5606946638793
24.5476526955311
24.612491732076
24.6480568576122
24.8670627305444
24.914195926084
25.0256202583953
25.0681135066243
25.0237782294936
25.073911223432
25.0558974864003
24.9414399965536
24.921059650605
25.0595897617064
25.1479367578269
25.1009814738216
25.2522546160666
25.2303894965306
25.217131667133
25.3758285854134
25.3734724349142
25.5496163583914
25.576528881941
25.606688159368
25.6355433876551
25.6260704219868
25.6707288045375
25.6517293627548
25.737585856991
25.7479940585738
25.6838202639148
25.8247057625776
25.8517878632007
25.8250095305353
25.8648531768084
25.8923901239119
25.9534818393959
25.8948122837225
25.753466981954
25.8162321143374
25.8939276249245
25.9909559116272
26.0751371082953
26.1095355771647
26.1201482585479
26.2860233721822
26.2928028285441
26.3161845881505
26.4553317511163
26.3798884289225
26.4914409179263
26.5330261089626
26.4768833133547
26.4165125048452
26.5253278856328
26.4599903729852
26.530272945438
26.4797938183138
26.3148896045704
26.4710950319163
26.529313513951
26.6134217099208
26.7552821265205
26.8093650167203
27.0122873861464
27.0449685982465
27.1048977280501
27.0762174260756
27.2897838053679
27.4257244588332
27.4916211466039
27.5371271517382
27.5803736625421
27.4417127273477
27.4815342682897
27.5777264479163
27.7268859323509
27.7155104532311
27.8074676473196
27.7815219282492
27.9137081351686
27.9244873772618
28.0035039062341
27.9827932530015
28.03241840651
28.0838682161491
28.0947946696119
27.994393648501
28.0631566510656
28.2369795679331
28.1657366547961
28.2916844035694
28.2373589278659
28.234954442056
28.5130816819351
28.4216457428825
28.4110267283042
28.5172960381593
28.5584705872201
28.7272745247812
28.763746260419
28.6486872615049
28.5691589379757
28.6945972559431
28.6768210399699
28.6082645479734
28.555345311217
28.5566816175227
28.6803448283064
28.6033784979811
28.6037537760484
28.5212835699908
28.5364617334224
28.6198963889395
28.6913342977611
28.7396240965048
28.7665087932804
28.9019252209689
28.9972065613909
29.066768479109
29.1527019509925
29.1669449328634
29.188163440799
29.2607545092964
29.3115669147355
29.290162099571
29.2980018112534
29.2920375739705
29.3738725547447
29.3553806131621
29.4476109751201
29.4744267108664
29.5779747134064
29.5269062691729
29.5641373873431
29.5833486605841
29.5366909676306
29.6419890887456
29.696967230159
29.6739967264411
29.7414304290447
29.7217808956841
29.7358739704522
29.8447673764573
29.8053026299025
29.7848204104814
29.8158296563779
29.9061450832921
30.0224649864987
30.0629757452297
30.0078028729776
29.9768902504214
29.9936408006621
30.1630133201574
30.3478627062861
30.3760057180153
30.32547704305
30.330670013736
30.3872808611766
30.3740174892729
30.5396093894567
30.6484729003093
30.6510494306621
30.6572331686241
30.495013310437
30.6435001095551
30.7553222888551
30.7917008634978
31.039431021851
31.1078095418349
31.2141139261275
31.1324482019652
31.2143697027033
31.2170956586821
31.304086884094
31.3576939546225
31.4553547057072
31.4916717180124
31.4552469141549
31.5845652673609
31.6245559990694
31.5432842650014
31.6279565115049
31.8306881628695
31.843923746144
31.9455080953701
31.9309964846216
31.9887887718435
32.1330733023056
32.2911049729758
32.3068294448973
32.3791353413526
32.4039175948933
32.5851175169749
32.6053758805403
32.7476588908553
32.9169581894861
32.9270603449028
33.0614997149658
33.191837684531
33.1536602726845
33.2379244806767
33.2421332666012
33.2332022667577
33.2648474074533
33.3097379414222
33.3830143326412
33.4054112760693
33.444055263199
33.4350421090323
33.5434083918034
33.6062425888233
33.6790012372857
33.6855082744391
33.7439341123474
33.8215871405061
33.9090312416607
33.9333441360301
33.9524837940665
33.9906390179647
33.9629193175324
34.0049587111028
34.0594416687406
33.9627875434544
33.960631302113
