0
2.82434203113097
2.37834426831599
2.22482956336756
1.92383785398923
1.85881342187064
2.08748352658833
1.7231037633593
1.86871310732293
2.0342714600227
1.65265699740776
1.56324728738931
1.79894594560849
1.98771447327413
1.99087927240489
2.25366542242942
2.49186171929417
2.17423153603048
2.32272431826491
2.36458309186764
2.38141457656339
2.15073403839562
2.21162531176063
2.18508228853071
2.20604784852289
2.07302594339361
2.12921047069863
2.10252630768102
2.13189053212934
2.05268459786859
1.80052948843319
1.81396590087526
2.00363486818366
2.009000734515
2.10997466782243
2.12159995117658
2.16348315066134
2.22883803604533
2.30636813671825
2.32923457893072
2.33027033281456
2.27638806274128
2.32859840943922
2.32647382040978
2.3378997805951
2.41834972675965
2.35146579223313
2.16494233749292
2.37242657032734
2.38295160674559
2.3969226331675
2.36787145676452
2.3353146989494
2.26692959512026
2.37006657765391
2.23387539551488
2.41271419896335
2.3381038005369
2.26303718416084
2.14967863359701
2.26493666079133
2.08142671541453
2.22023022325122
2.18842158438266
2.17973040067367
2.208710111404
2.16795620874462
2.12866589536282
2.16550144586875
2.2139167536777
2.12713299043813
2.25732560785444
2.1097972595582
2.16077161575781
2.16676272557579
2.11023159115556
2.29020703639685
2.31453118278564
2.33905207552047
2.35210269539127
2.36954352377394
2.32300594893021
2.31785703900178
2.29704561257762
2.25062036735414
2.28587653938365
2.29313095080637
2.35323201653618
2.36944244338198
2.45599888586831
2.50084550003819
2.44444441886157
2.60315612902788
2.61183289056061
2.6860803014473
2.73181759586467
2.75214572350788
2.77605575608009
2.80029863471293
2.92505721417354
2.98314312738626
3.01264864656733
3.08155065331996
2.93657134445039
2.91523916067795
2.76913049049999
2.85063369959056
2.92279004040635
2.98875270726732
2.94775817482386
2.96915062152527
3.06345223760377
2.94433765488008
2.9657398515803
2.87680868792469
2.85491510091998
2.83433055402406
2.8853190081663
2.87167922211153
2.87463580778395
2.8768881993163
2.9600384430798
3.00822229596532
2.94290063810158
2.94256172921102
2.99551005803147
3.05503445683834
3.04321024534258
3.11219539376182
3.04728969679386
3.13667939648586
3.15733690120903
3.19161253298864
3.09419477302445
3.09968545095074
3.0417763258875
3.10053248654199
3.12364332011691
3.09792222917645
3.10233381532143
3.04202801689627
3.07744102458876
3.12507145206897
3.11805117022037
3.1640713354078
3.2093552370905
3.31280462652337
3.37365033100808
3.37731848041335
3.42274303288496
3.40204104094105
3.43628405665944
3.47142846916785
3.50530718314379
3.46388912632516
3.47488732298835
3.40594798289205
3.33081974689116
3.28205762984626
3.26244010392181
3.24043437540056
3.22702452982445
3.26206194629303
3.29691896567339
3.34457326042681
3.27169585731824
3.20688986202529
3.18571024247318
3.27620219818333
3.28681291946061
3.32115111426654
3.27836121290695
3.18338888216988
3.2138845287468
3.23415942938246
3.31940423493618
3.29532507075753
3.33437197790382
3.34038799970653
3.24362473722286
3.30401339539659
3.39270368115715
3.4327864837731
3.42661091555767
3.44205253349735
3.50307337840784
3.49562410526089
3.50072862477848
3.45726883749584
3.43451322207742
3.47218515136677
3.44240196167952
3.47633869541819
3.44634735619483
3.44886728071145
3.50850564537478
3.47641465272785
3.45690717386576
3.43617358603602
3.48431053386481
3.50956041895457
3.51198976040535
3.57333769310313
3.63655745552946
3.60916850143809
3.64959102365712
3.62140212176819
3.57518337564927
3.59174200157632
3.57199473857911
3.62561230618704
3.61715688057427
3.62155164259858
3.61012844015513
3.66404985561411
3.71159542301901
3.77075324115772
3.80437191311231
3.77557904532921
3.7879660842662
3.80634810519496
3.79893367493886
3.82893921251478
3.85505138593669
3.75522955661492
3.73789773260702
3.70864435651066
3.71697829904401
3.70813251957072
3.67692217381373
3.6930293185041
3.62422576105508
3.68134469352027
3.70188814766235
3.72737122138888
3.72677504413485
3.74250978053105
3.77450375175307
3.83888768269364
3.89123825141686
3.91559927049145
3.94521322034346
3.97830215236511
3.98915367729724
3.98981036819378
3.97587922527653
4.01293105104043
4.0951458901389
4.16241637075246
4.21820049538722
4.28669862756839
4.31045242149881
4.28448128232117
4.26600454545219
4.26589556505055
4.29370839277213
4.311819070217
4.3746760153822
4.3448315872523
4.42805781407682
4.4104927672438
4.37327768690341
4.35398638949305
4.34447570710601
4.3146612072445
4.28033136897397
4.27451110432291
4.24027490188617
4.2011202003678
4.26769568316178
4.2717049600666
4.28151352285709
4.31126660815026
4.3407066518065
4.34034134522748
4.27797983936507
4.22796179288287
4.23684893962937
4.22833436801536
4.22799610529541
4.27606726543819
4.2733152166458
4.2716077224086
4.3053513802275
4.20719655484811
4.2431709247211
4.22410754118267
4.29274366414581
4.27482452176987
4.27156962413317
4.2653889811607
4.29535789270305
4.22011187308015
4.21286211470758
4.22470958028953
4.22185370007078
4.21206445782715
4.24518865307589
4.24849570510194
4.24463954060475
4.19808053785435
4.24047307668676
4.238301054041
4.28813208744033
4.26038779465084
4.25723633983636
4.27873502166072
4.27422057651579
4.27786074436036
4.30257764981469
4.29569685498093
4.30262455372257
4.29719219116543
4.32520658305477
4.30341770489129
4.29617677888692
4.30800805461127
4.29037754375044
4.27401617668777
4.21341561012357
4.21012830241438
4.22641708454071
4.18900282958526
4.18170393868299
4.21559156214991
4.2468136399496
4.27012227898428
4.31590976580201
4.29848959852559
4.34704102182188
4.33378146863182
4.36623115894422
4.37011712890162
4.35966783451515
4.34037024672518
4.36715926633034
4.34708674421991
4.31876242408508
4.34987208814164
4.33790284426785
4.33656029841165
4.34677505188955
4.30978218662727
4.26336035748659
4.31619285414683
4.34203951387784
4.33952484744015
4.37373062848175
4.43002456339754
4.44204262351458
4.46620707833567
4.51135170006294
4.51844910603437
4.50164489620239
4.54006639779178
4.55378476221362
4.5515580872842
4.58108498767437
4.56293164375565
4.5955618939076
4.65377960272321
4.66506774911327
4.62499178829751
4.67306172799259
4.66836561421176
4.69697980912091
4.7261721954828
4.70033989496534
4.65190697767833
4.6645066321311
4.72661135156437
4.74019533250129
4.70274651885838
4.68338441572157
4.68296202714941
4.72037453204486
4.72989791372046
4.73114602623279
4.70204090533675
4.71366769545406
4.6997348123022
4.73760465586537
4.7490266566781
4.79284059298771
4.84413958172816
4.81658648616159
4.78736819735371
4.76451770344995
4.78719092270621
4.77187119779365
4.79819486024714
4.79178755541418
4.76543470362288
4.77686599480498
4.79541796404516
4.82749175599474
4.87104738085619
4.84595658823856
4.82540990387764
4.80520827679898
4.82475776027353
4.84441767457201
4.9047828189078
4.8694597896084
4.89309351313561
4.89273612669118
4.8928212807518
4.89700299520624
4.91584540496722
4.95312890965578
4.96201345069848
4.93992083945978
4.97016093776628
4.9795338309938
5.00770475689718
4.95981490665116
4.93569789370418
4.89378909576235
4.88569801760863
4.89394329132609
4.92896890438338
4.88699125619433
4.96782976810115
4.97102976837677
4.98674356399049
4.99812585888014
5.06488081337106
5.04745470389187
5.05030028738614
5.04151275828798
5.04495784853239
5.09105881416546
5.13563064704847
5.14159796747761
5.06876400885004
5.0707472184791
5.08868666551493
5.09029120625426
5.09307614931896
5.07003523518479
5.05934805011012
5.08192408397896
5.04470171279564
5.07380024619793
5.11185956529948
5.14382187076716
5.13080498709585
5.11876121041263
5.05868212699322
5.07889707159505
5.04012722230903
5.05070350520681
5.06063615319536
5.05536411782458
5.09813079699462
5.04920111523477
5.02367114228184
5.02671213158425
4.9882131473686
4.99368762250211
5.01517208919799
4.93364524455466
4.87445512435481
4.88785570686815
4.87339293106598
4.94224047298971
4.96282253049395
4.99599981329203
4.97522802582452
4.96138804395089
4.92901304968206
4.96267485701123
4.95556695605985
4.96970507337764
4.98965621951373
4.98522769325122
5.0189660376461
5.02790754982595
5.01970466821407
5.03344235618357
5.09607632882503
5.11744578988456
5.11148554576901
5.11155594917597
5.13387257388433
5.11988235747334
5.09820951691912
5.07929123944046
5.09079029191478
5.07460084005064
5.12305052226618
5.12728749956341
5.11196809013024
5.08557887208209
5.13113802461169
5.15456583184267
5.16079495125632
5.19626976278411
5.13672600856719
5.1343572338066
5.09339345011752
5.08185134278115
5.08733716546775
5.10557462924673
5.13458821634612
5.18924361586351
5.20460826941978
5.21596840661123
