0
3.08137797808853
2.3574004235951
2.96744902534154
2.8915132306527
2.94498804350236
2.57889346045137
2.58054416724438
1.9123236152748
1.82375467924462
2.03684197224267
2.66899593000839
2.60863946883397
2.5432328601822
2.65242995612448
2.762899934963
2.77029692261863
2.53704693292439
2.53124742511572
2.71475174533006
3.14498456162366
3.0093193713242
2.92176887108137
2.86171439034835
2.69718902115396
2.86123885484708
3.31393265857398
3.20462170419355
3.36826961632407
3.53499853168332
3.3907383694855
3.72226076419046
3.88335046382491
3.84698190273328
3.68141357907924
3.60465828936836
3.2678700782038
3.33314850679749
3.35620252743733
3.23583210405199
3.17218621010955
3.29457294847407
3.30964790693358
3.25862625376805
3.3570111218004
3.51046870129121
3.70633677951516
3.76455437027497
4.00903829072107
4.04717499784699
3.7245598157701
3.58924376840216
3.81678804604128
3.72834941900865
3.88403982247092
3.93381781794294
4.0174515902451
4.01333978597141
3.74277684759111
3.76629696704496
3.70064596917469
3.58337190351572
3.64211566071564
3.60386164532321
3.39894120977287
3.38706837998702
3.45152218236845
3.67805154715594
3.67745142917285
3.63122103154121
3.53725639190676
3.65160150604665
3.6585124398582
3.73895244078157
3.91554878584065
4.05945962662962
4.09637766851674
4.38468612999235
4.37956878870604
4.44069249985067
4.31223555713142
4.68988862093608
4.88627862208227
4.62757460633888
4.53839949687718
4.56877760793288
4.72988257369397
4.69489551429833
4.86281983727215
4.83825642622218
4.91859451908666
4.86321915641299
4.94029273060364
4.94344638195384
4.97341905652728
4.778045081022
4.81046094067942
4.73769950992171
4.60708994268833
4.60757118140121
4.43968920947131
4.41942586713256
4.5668699131793
4.508164500878
4.51187289349655
4.52715694705494
4.75078540378174
4.75515539463279
4.99054491692543
4.98468379723533
5.15438778821213
5.23954103635175
5.33560551305641
5.33199617987482
5.49059254526838
5.40479489782404
5.42729953012864
5.54788226822424
5.52613927781134
5.41040672579178
5.2473032830347
5.29317659519595
5.24633737128194
5.17457375876552
5.19513246312623
5.11154628374274
5.27644306336714
5.23811841742419
5.21983912528692
5.27794404341942
5.28193315128506
5.31786643826941
5.29283077650597
5.29459366857056
5.34514034035665
5.3240741982944
5.34542240807403
5.41163341398651
5.36409142713618
5.51264388100513
5.56763386478022
5.5236662376649
5.51138947100651
5.62878117515891
5.87620813389672
6.02309262136451
5.86285665204066
5.94536973167353
6.04316186052226
6.05619787573384
5.96929346306749
6.13132573627659
6.18659067324489
6.17871944373383
6.02652234677366
5.99419275337455
6.04254238605341
6.02873572211277
5.92767197107207
6.19170047248875
6.20984872075664
6.21054680302291
6.18960507857109
6.1130141491484
6.10773702102633
6.07374852624516
6.06208948121943
6.20078142145313
6.45337364004155
6.54343469325242
6.4955116663982
6.61976311110324
6.68649698318457
6.73968116529792
6.77570998684844
6.76272705868668
6.86289490303899
6.84403098124553
6.81220021031447
6.8145617879532
6.82815657011862
7.00815144085739
6.90112891522411
6.85636077786697
6.90017383539879
7.05528277630322
7.10866012513366
7.14526974539246
7.04964514013158
6.99935147442856
6.93139492944623
6.93226867416355
6.98523957334918
7.12405096308738
7.20541118529295
7.13806087522974
7.14966329979471
7.02703995540925
7.05841552442841
6.95902355462698
6.88449367126732
7.00379265558275
7.00491022877914
7.03250418779283
7.15707586650889
7.20839220597964
7.21746412545309
7.1766614323656
7.25121139575114
7.16541919412001
7.27387923718377
7.3927170278161
7.42316682091987
7.41159451378753
7.39376358654702
7.39574272555859
7.37892515206527
7.31856040291756
7.27202949950806
7.31059801428581
7.28944911414533
7.34492808481197
7.31830971765401
7.22372455604664
7.18797680185439
7.10935089422341
7.10350663424777
7.17422310234826
7.20859620593024
7.25759607251462
7.26081597088707
7.17102880823199
7.12598885473281
7.01313327865524
6.9619256711144
6.98709567968081
6.95559884122966
7.01513559345066
7.15883254542606
7.21202818922305
7.28821256613262
7.40371874453732
7.4381923589076
7.50347018804412
7.56330879439656
7.58699101818016
7.55583889710952
7.58324068439669
7.67311983613985
7.71706683780006
7.78901092673206
7.72452274547533
7.62441950713857
7.66104010579207
7.66934588719846
7.67739437994057
7.72373248474656
7.87212639225601
7.86218609985533
7.81271287342464
7.79221707798266
7.83590206717707
7.84095867870438
7.93633762786151
7.91059465773972
7.95292603535482
7.99368811501783
8.13389978191921
8.14062066845007
8.24203075177077
8.13546932429623
8.26332199768229
8.2820999355423
8.37593081077685
8.47053085716922
8.48910972422953
8.41134217082755
8.43658439578831
8.4648646779713
8.50741014226602
8.4188601509481
8.44372815395579
8.4884455544354
8.54612326968729
8.60826393256385
8.6047126964989
8.59983625278478
8.62132116268449
8.59679154148495
8.68000165939202
8.56016984789205
8.59977062518777
8.63194128559205
8.60705103868136
8.42334414311883
8.50873396640196
8.54679651783878
8.60985940193044
8.5956527023788
8.68838205747028
8.64001186667705
8.66013514372713
8.61010116734409
8.59586428848043
8.65487246519281
8.769907929607
8.80477167955424
8.76608063633758
8.75747506509431
8.85338669320329
8.78453253635105
8.88819925495397
8.98323744412994
8.89970739732434
8.95698283481502
8.93967784828745
8.95454618189706
8.87586102657253
8.8066188443299
8.88594743799118
8.9765431231773
8.84104487571141
8.78941727706352
8.77761322041682
8.74169685871657
8.69209402013079
8.75635630309753
8.74349799390595
8.84720128471362
8.82544815113657
8.82367961505046
8.82225582767676
8.69640418126732
8.69388383535766
8.58355836423065
8.58283631756365
8.6074791209339
8.66493450398337
8.59884156157436
8.63165841758232
8.66473169015417
8.54942839665449
8.6270409253489
8.73300271554892
8.84797223867474
8.862509931675
8.8915488847881
8.82803957636696
8.80879314064353
8.76704159814427
8.72903911086848
8.76503360357995
8.71176012041896
8.76386226015723
8.87853587893211
8.86902191500034
8.773590241869
8.77889230001478
8.64123583930283
8.56068790692619
8.53216957109908
8.56641676719643
8.67566691149242
8.68560181759742
8.79450188255506
8.73906474504948
8.666131237067
8.80912773597935
8.79302056840489
8.88494501380756
8.90774735283793
8.92740676984127
8.98271288710609
8.94857220672125
8.84897547303908
8.80715270940629
8.78700758245389
8.8235064806455
8.82847825733537
8.86932794609605
8.8926249338827
8.88903175802247
8.91021266036443
8.96168337087494
8.89371155160336
8.91673552225295
8.88825330126657
8.96651744802023
8.96771305648848
8.97180158101531
9.02056324623854
9.10701997615462
9.06904525770538
9.05955552615836
9.04091867252046
9.06261316034225
9.07244409183411
9.09199245836438
9.05150131243682
9.07084300738721
9.05773186539825
9.05311348688539
9.11290821574087
9.1425724741143
9.1975212325858
9.20832251504928
9.21627016232794
9.22886912992646
9.23704560632918
9.24093642848786
9.24553525521191
9.28544847300549
9.29914770897859
9.34764061706631
9.36365439490603
9.34155475001975
9.2914915613048
9.16684915529666
9.16278175541338
9.13330175369538
9.1511751216627
9.24666665325157
9.24796238491833
9.27070349132429
9.31342729974319
9.32433642785779
9.31699845650258
9.29688046473714
9.31653914089194
9.3956471196942
9.39622997537132
9.39885798679001
9.4601112861107
9.50196716095251
9.54857296543397
9.50492020058164
9.53367112197881
9.59089513927811
9.59257176725997
9.54358751132641
9.5690135924179
9.51631765278168
9.4880133132436
9.54731375596963
9.64771238069632
9.65611940389724
9.66692438352976
9.69814424182115
9.75815414565507
9.80066840967287
9.78158916081123
9.78343017078248
9.7841428685504
9.80811421905273
9.81345077403587
9.81011237569902
9.84347863155001
9.8287569716489
9.83672665398771
9.92291282521268
9.93130328047103
9.8424476729218
9.81475325642053
9.87219542577084
9.88181269871912
9.85503254827286
9.94894802338912
9.9426509694535
9.98055625484885
10.0010500902372
10.0008269302242
10.103728430123
10.209352876121
10.2910179280914
10.2849034442811
10.2606135358586
10.2774839992303
10.2663638821109
10.2687628225289
10.2467038277243
10.2551470159581
10.2097069711669
10.174327419845
10.2118797285354
10.2360580216269
10.2794518644276
10.2023243561334
10.1697955706804
10.1868562078213
10.1974034342941
10.2506468927513
10.2375416934111
10.219606404847
10.2036065897063
10.2111312597681
10.3296725014842
10.405462725907
10.4002916042474
10.4394140713267
10.4668201952115
10.4847453439672
10.4833575349881
10.5696227932248
10.5471660326468
10.5044268231723
10.548368515885
10.4744780159714
10.5043232181325
